#discord logo
bezier
135 162 163 148 212 136 260 137
bezier
385 162 357 148 308 136 260 137
bezier
135 162 148 149 166 139 190 133
bezier
385 162 372 149 354 139 330 133
line
174 110 0 190 133 0
line
346 110 0 330 133 0
bezier
81 152 97 128 124 110 174 110
bezier
439 152 423 128 396 110 346 110
bezier
81 152 80 208 86 267 110 338
bezier
439 152 440 208 434 267 410 338
bezier
110 338 142 356 173 370 213 371
bezier
410 338 378 356 347 370 307 371
line
213 371 0 217 367 0
line
307 371 0 303 367 0
bezier
122 326 141 343 182 360 217 367
bezier
398 326 379 343 338 360 303 367
bezier
122 326 143 337 190 353 260 355
bezier
398 326 377 337 330 353 260 355
circle
195 215 0 34
circle
325 215 0 34
display
save
discord.png
